230847
230850
230852
230858
230860
230865
230869
230874
230878
230879
230881
230883
230894
230899
230903
230905
230930
230931
230936
230944
230959
230961
230962
230964
230966
230968
230972
230974
230975
230983
230985
230987
230991
230999
231000
231011
231013
231015
231023
231029
231042
231043
231053
231059
231066
231068
231070
231072
231074
231081
231083
231085
231086
231089
231094
231096
231102
231104
231105
231109
231111
231126
231128
231130
231131
231133
231135
231136
231138
231140
231143
231157
231159
231160
231162
231165
231170
231175
231176
231184
231185
231186
231192
231194
231195
231205
231207
231217
231219
231224
231226
231228
231230
231232
231236
231243
231247
231250
231252
231254
231258
231270
231272
231274
231278
231280
231288
231290
231291
231296
231301
231305
231312
231313
231315
231316
231318
231319
231321
231324
231326
231362
231367
231373
231374
231375
231376
231378
231380
231384
231386
231389
231391
231395
231397
231399
231401
231402
231404
231409
231411
231416
231420
231421
231422
231424
231425
231429
231431
231441
231443
231458
231460
231461
231462
231464
231466
231475
231477
231479
231481
231485
231487
231488
231493
231495
231497
231499
231507
231511
231516
231517
231529
231531
231537
231546
231553
231555
231561
231572
231574
231578
231580
231588
231590
231592
231593
231595
231600
231602
231604
231606
231617
231618
231620
231622
231624
231626
231627
231629
231638
231640
231642
231644
231651
231656
231668
231670
231684
231691
231696
231698
231700
231702
231704
231706
231708
231710
231715
231716
231718
231720
231722
231726
231727
231728
231732
231734
231736
231738
231743
231745
231746
231748
231750
231752
231754
231758
231760
231762
231770
231772
231774
231775
231780
231784
231788
231791
231792
231794
231797
231799
231801
231803
231805
231807
231808
231814
231816
231818
231822
231827
231832
231833
231838
231840
231841
231849
231853
231855
231856
231858
231860
231866
231868
231869
231871
231873
231877
231879
231881
231883
231884
231888
231890
231896
231898
231902
231907
231909
231911
231913
231915
231917
231918
231920
231922
231928
231933
231937
231938
231942
231945
231947
231949
231952
231954
231959
231960
231962
231973
231975
231977
231989
231991
231995
231997
231998
232003
232005
232007
232017
232019
232024
232025
232032
232034
232036
232038
232042
232043
232048
232058
232060
232062
232071
232073
232074
232080
232089
232091
232100
232102
232104
232105
232111
232113
232119
232121
232124
232130
232134
232136
232138
232140
232146
232148
232157
232164
232168
232171
232178
232192
232194
232196
232198
232200
232202
232203
232208
232210
232212
232214
232215
232217
232219
232223
232225
232226
232228
232230
232232
232234
232239
232244
232250
232253
232261
232262
232271
232273
232276
232278
232280
232282
232283
232285
232287
232290
232291
232293
232295
232297
232302
232303
232312
232313
232315
232318
232320
232322
232324
232326
232328
232329
232336
232353
232368
232369
232371
232373
232381
232383
232386
232392
232398
232399
232401
232404
232406
232408
232413
232414
232416
232418
232420
232423
232425
232427
232432
232433
232435
232440
232442
232454
232465
232467
232469
232471
232473
232480
232482
232486
232488
232489
232495
232499
232501
232502
232504
232505
232511
232513
232514
232518
232520
232522
232526
232528
232529
232535
232546
232547
232549
232563
232574
232580
232586
232589
232591
232593
232599
232606
232612
232614
232615
232620
232622
232624
232626
232627
232632
232634
232636
232638
232643
232647
232649
232650
232651
232653
232664
232678
232682
232684
232686
232688
232694
232696
232698
232700
232703
232704
232706
232708
232713
232718
232719
232721
232725
232727
232729
232731
232733
232734
232736
232747
232749
232760
232767
232774
232783
232786
232788
232789
232791
232793
232799
232801
232803
232804
232813
232814
232816
232820
232822
232830
232837
232844
232852
232859
232861
232863
232870
232875
232881
232882
232889
232891
232895
232897
232899
232901
232904
232906
232908
232912
232914
232916
232917
232919
232931
232946
232959
232962
232964
232966
232969
232972
232973
232975
232976
232978
232980
232983
232985
232990
232992
232997
232999
233001
233003
233008
233012
233017
233018
233020
233023
233032
233043
233055
233057
233059
233065
233067
233069
233071
233073
233077
233079
233080
233084
233088
233093
233095
233100
233101
233104
233115
233117
233123
233128
233130
233132
233133
233137
233146
233155
233159
233165
233167
233169
233171
233173
233175
233177
233178
233180
233182
233184
233186
233188
233189
233191
233193
233211
233216
233218
233220
233229
233235
233236
233239
233250
233258
233271
233273
233277
233287
233298
233301
233303
233305
233311
233313
233316
233317
233319
233325
233327
233332
233340
233341
233343
233346
233348
233350
233360
233362
233363
233365
233379
233381
233391
233401
233403
233405
233407
233413
233415
233420
233422
233431
233432
233439
233441
233442
233444
233448
233450
233451
233453
233457
233459
233461
233470
233477
233481
233482
233483
233484
233486
233492
233504
233514
233516
233524
233536
233540
233542
233544
233545
233547
233552
233554
233556
233558
233568
233570
233571
233581
233587
233591
233598
233604
233606
233618
233622
233625
233637
233648
233660
233662
233664
233666
233671
233679
233680
233682
233684
233686
233688
233689
233694
233696
233698
233700
233702
233708
233710
233711
233713
233725
233727
233738
233750
233752
233760
233762
233764
233766
233768
233770
233772
233778
233779
233784
233785
233787
233789
233791
233794
233795
233797
233803
233813
233822
233824
233833
233835
233836
233840
233847
233849
233857
233865
233867
233874
233886
233889
233891
233894
233896
233898
233900
233906
233907
233912
233921
233924
233926
233928
233929
233931
233935
233941
233944
233950
233970
233971
233973
233981
233983
233997
233999
234004
234018
234021
234023
234025
234031
234033
234035
234036
234042
234044
234049
234051
234052
234056
234058
234060
234062
234064
234066
234068
234069
234075
234077
234090
234092
234094
234105
234115
234117
234124
234126
234128
234132
234134
234136
234137
234139
234143
234147
234149
234150
234152
234157
234159
234162
234164
234166
234168
234169
234170
234175
234178
234186
234190
234195
234197
234199
234201
234207
234211
234213
234214
234219
234221
234223
234235
234236
234238
234240
234241
234243
234245
234247
234255
234256
234258
234260
234265
234273
234281
234283
234293
234296
234309
234311
234312
234315
234317
234322
234328
234330
234331
234337
234339
234341
234346
234348
234355
234367
234377
234387
234405
234407
234411
234416
234423
234425
234438
234440
234442
234443
234445
234446
234448
234451
234453
234458
234459
234461
234466
234478
234480
234482
234488
234499
234505
234514
234527
234529
234531
234536
234548
234557
234568
234576
234579
234601
234612
234615
234621
234623
234624
234626
234629
234632
234633
234635
234637
234641
234645
234646
234648
234649
234654
234658
234660
234672
234682
234683
234685
234697
234699
234701
234703
234705
234714
234728
234741
234747
234759
234762
234764
234766
234768
234769
234771
234775
234777
234779
234785
234788
234801
234802
234808
234813
234815
234817
234825
234833
234846
234856
234857
234860
234868
234872
234885
234900
234902
234904
234917
234919
234932
234943
234945
234947
234952
234954
234956
234957
234963
234967
234974
234992
234996
235004
235010
235020
235036
235042
235057
235063
235065
235067
235076
235087
235088
235093
235095
235100
235117
235119
235151
235162
235172
235174
235181
235186
235199
235214
235231
235237
235261
235278
235292
235293
235298
235309
235321
235333
235335
235347
235354
235365
235368
235380
235384
235394
235396
235407
235414
235426
235432
235434
235441
235443
235447
235449
235450
235451
235453
235455
235457
235471
235475
235484
235486
235488
235492
235494
235496
235497
235500
235512
235515
235522
235532
235535
235546
235548
235550
235552
235554
235556
235557
235559
235560
235562
235568
235576
235582
235591
235593
235594
235596
235600
235602
235607
235608
235610
235612
235613
235615
235617
235626
235628
235630
235639
235641
235643
235644
235650
235655
235657
235668
235673
235675
235677
235683
235684
235686
235696
235698
235710
235715
235718
235724
235730
235732
235734
235741
235743
235744
235746
235748
235750
235760
235762
235767
235768
235773
235775
235777
235779
235781
235782
235784
235793
235795
235797
235799
235808
235810
235814
235816
235817
235822
235824
235825
235827
235829
235839
235841
235842
235844
235846
235848
235856
235858
235860
235861
235867
235877
235885
235887
235891
235901
235904
235906
235908
235910
235911
235913
235915
235917
235921
235922
235923
235925
235927
235935
235937
235939
235947
235948
235950
235958
235963
235970
235985
235987
235989
235991
235993
235999
236000
236002
236003
236005
236007
236009
236011
236012
236014
236023
236025
236028
236029
236033
236038
236039
236043
236045
236050
236062
236069
236075
236091
236093
236095
236097
236099
236105
236107
236108
236110
236112
236114
236120
236122
236123
236125
236127
236138
236144
236145
236147
236151
236152
236160
236162
236167
236169
236171
236173
236178
236180
236185
236187
236188
236190
236192
236194
236195
236197
236198
236200
236207
236209
236211
236216
236218
236220
236221
236223
236226
236230
236233
236234
236240
236244
236246
236247
236251
236253
236255
236260
236261
236263
236267
236273
236278
236288
236290
236296
236298
236300
236302
236304
236306
236308
236309
236311
236316
236318
236319
236321
236323
236325
236331
236333
236335
236352
236353
236358
236361
236362
236364
236369
236380
236382
236384
236386
236389
236391
236393
236395
236397
236400
236401
236408
236410
236412
236414
236416
236418
236419
236423
236425
236428
236434
236439
236442
236444
236446
236448
236450
236451
236460
236462
236467
236472
236474
236475
236484
236488
236490
236497
236499
236501
236502
236507
236514
236518
236520
236524
236526
236528
236530
236532
236534
236535
236537
236539
236541
236545
236551
236553
236555
236557
236564
236569
236571
236573
236581
236582
236584
236586
236589
236591
236593
236597
236599
236601
236605
236611
236613
236614
236617
236618
236624
236629
236637
236639
236640
236642
236653
236655
236657
236664
236672
236679
236680
236683
236685
236687
236699
236700
236702
236708
236713
236715
236718
236720
236722
236727
236728
236733
236735
236737
236739
236740
236742
236744
236747
236751
236754
236755
236759
236768
236771
236773
236776
236778
236779
236781
236783
236791
236793
236795
236796
236801
236802
236805
236807
236809
236811
236812
236822
236829
236838
236840
236842
236844
236846
236850
236851
236853
236859
236862
236869
236871
236872
236874
236876
236878
236881
236886
236893
236898
236910
236912
236913
236915
236917
236928
236937
236949
236951
236953
236955
236957
236961
236966
236967
236969
236973
236980
236982
236987
236989
236990
236992
236994
236996
236998
237000
237002
237003
237005
237007
237011
237013
237014
237016
237020
237022
237024
237026
237028
237029
237033
237035
237040
237058
237060
237061
237065
237067
237069
237071
237073
237075
237080
237081
237083
237085
237088
237096
237098
237100
237102
237110
237112
237116
237117
237119
237123
237125
237127
237129
237130
237132
237133
237138
237140
237142
237144
237146
237154
237155
237157
237159
237163
237168
237171
237173
237175
237176
237178
237184
237186
237187
237190
237208
237213
237218
237226
237227
237229
237231
237244
237246
237248
237249
237251
237252
237254
237256
237258
237260
237263
237265
237267
237269
237274
237276
237277
237279
237281
237283
237285
237286
237290
237292
237294
237296
237298
237300
237302
237303
237306
237309
237311
237314
237316
237318
237319
237321
237328
237332
237340
237342
237348
237349
237350
237352
237360
237362
237364
237369
237373
237375
237377
237379
237381
237385
237387
237396
237398
237399
237403
237414
237416
237418
237423
237425
237426
237432
237436
237444
237448
237450
237452
237458
237459
237460
237465
237476
237478
237482
237490
237492
237494
237498
237505
237506
237508
237515
237522
237529
237530
237532
237534
237542
237544
237545
237547
237552
237554
237556
237558
237561
237563
237564
237568
237570
237572
237575
237577
237588
237590
237600
237602
237604
237606
237609
237611
237612
237614
237615
237617
237619
237624
237625
237627
237629
237635
237637
237639
237641
237642
237643
237647
237650
237653
237657
237664
237666
237670
237672
237681
237683
237685
237687
237688
237693
237694
237696
237700
237702
237707
237709
237723
237725
237728
237734
237736
237737
237739
237744
237746
237755
237767
237769
237771
237773
237775
237776
237779
237788
237797
237799
237804
237806
237810
237812
237813
237815
237817
237818
237820
237826
237828
237833
237834
237836
237838
237840
237849
237851
237863
237865
237867
237870
237877
237879
237883
237885
237886
237888
237894
237903
237905
237915
237920
237922
237924
237929
237930
237939
237941
237947
237956
237965
237973
237982
237989
237998
238000
238007
238019
238020
238022
238028
238042
238046
238055
238066
238073
238081
238087
238095
238097
238106
238108
238109
238113
238115
238117
238121
238123
238126
238127
238134
238136
238138
238141
238143
238145
238148
238149
238153
238156
238161
238165
238167
238169
238171
238172
238174
238180
238182
238184
238186
238188
238189
238191
238193
238196
238207
238214
238216
238218
238220
238221
238222
238224
238239
238248
238250
238252
238254
238256
238267
238269
238271
238276
238277
238283
238284
238286
238291
238293
238300
238304
238305
238309
238313
238315
238317
238323
238325
238341
238346
238347
238352
238365
238367
238378
238385
238387
238398
238400
238402
238407
238409
238411
238412
238417
238421
238427
238432
238434
238435
238437
238441
238443
238445
238447
238453
238461
238462
238464
238466
238468
238470
238478
238482
238485
238487
238489
238501
238502
238508
238510
238518
238520
238522
238523
238529
238531
238538
238547
238552
238554
238559
238560
238565
238569
238575
238577
238584
238586
238588
238590
238592
238593
238598
238603
238605
238606
238608
238610
238611
238620
238625
238629
238631
238633
238635
238637
238639
238642
238644
238656
238658
238667
238677
238679
238681
238683
238689
238690
238692
238696
238698
238700
238707
238709
238711
238712
238714
238716
238719
238721
238723
238730
238732
238733
238735
238738
238742
238743
238744
238746
238754
238758
238765
238776
238778
238779
238786
238793
238794
238796
238797
238799
238801
238809
238810
238812
238815
238820
238825
238829
238834
238839
238846
238847
238851
238853
238856
238858
238868
238870
238874
238876
238877
238879
238881
238882
238883
238884
238885
238887
238889
238891
238892
238894
238902
238904
238906
238908
238912
238914
238919
238925
238927
238939
238941
238943
238945
238947
238948
238950
238952
238954
238959
238978
238979
238984
238986
238989
238991
238993
239000
239002
239004
239006
239009
239011
239013
239015
239021
239023
239025
239035
239040
239041
239043
239050
239052
239058
239066
239070
239072
239073
239079
239081
239083
239087
239093
239105
239109
239112
239115
239120
239121
239126
239128
239130
239132
239141
239144
239148
239150
239152
239157
239158
239160
239162
239164
239166
239168
239171
239172
239175
239176
239184
239186
239188
239190
239192
239193
239195
239197
239201
239206
239216
239218
239230
239233
239235
239237
239244
239245
239247
239250
239252
239257
239259
239260
239263
239265
239267
239270
239277
239285
239286
239288
239293
239295
239297
239310
239320
239324
239326
239327
239329
239331
239333
239334
239336
239343
239345
239349
239351
239360
239361
239365
239367
239369
239371
239373
239375
239376
239378
239380
239382
239384
239386
239396
239406
239408
239409
239411
239413
239417
239419
239421
239424
239425
239427
239431
239432
239438
239443
239445
239446
239447
239448
239450
239452
239456
239458
239464
239465
239469
239476
239477
239487
239495
239497
239499
239501
239509
239511
239512
239521
239523
239529
239531
239537
239545
239554
239562
239577
239582
239584
239590
239592
239600
239601
239607
239611
239614
239619
239621
239634
239645
239653
239655
239657
239659
239661
239662
239666
239671
239673
239675
239686
239688
239689
239691
239693
239695
239697
239699
239706
239708
239710
239711
239724
239729
239736
239748
239750
239752
239754
239756
239758
239762
239766
239767
239769
239771
239783
239785
239787
239788
239790
239792
239796
239801
239803
239805
239807
239808
239810
239813
239815
239821
239826
239839
239841
239843
239845
239848
239850
239851
239854
239856
239858
239865
239868
239869
239871
239879
239882
239887
239888
239890
239892
239894
239895
239897
239899
239901
239913
239924
239931
239941
239943
239953
239955
239957
239959
239962
239963
239965
239973
239978
239981
239990
240001
240009
240010
240015
240020
240027
240033
240035
240040
240050
240060
240062
240068
240075
240081
240087
240089
240090
240095
240108
240117
240129
240133
240144
240150
240162
240173
240179
240182
240192
240201
240203
240216
240225
240234
240236
240238
240240
240241
240243
240246
240248
240250
240251
240255
240257
240264
240267
240271
240273
240274
240276
240278
240280
240282
240293
240295
240297
240307
240308
240314
240316
240322
240324
240327
240328
240330
240332
240333
240337
240341
240352
240356
240358
240359
240361
240370
240372
240374
240377
240379
240389
240391
240402
240404
240414
240416
240418
240419
240421
240425
240430
240432
240434
240436
240437
240439
240441
240442
240444
240446
240451
240453
240455
240456
240457
240459
240461
240463
240474
240477
240479
240488
240490
240492
240498
240500
240504
240505
240507
240511
240513
240515
240516
240522
240524
240529
240531
240532
240534
240536
240538
240539
240541
240550
240554
240556
240558
240571
240581
240583
240593
240595
240597
240599
240600
240603
240605
240609
240617
240619
240620
240622
240624
240634
240640
240647
240652
240655
240656
240661
240663
240665
240668
240679
240681
240690
240692
240694
240696
240698
240699
240701
240703
240705
240707
240709
240710
240712
240714
240716
240718
240723
240725
240726
240732
240734
240736
240746
240748
240752
240754
240755
240767
240769
240770
240774
240781
240784
240786
240788
240789
240793
240796
240798
240808
240812
240816
240817
240820
240822
240825
240830
240832
240847
240855
240864
240866
240868
240885
240887
240888
240890
240893