100
1005
1015
1017
1018
1019
102
1020
1021
1022
1023
1024
1025
103
1031
1032
1034
1035
1036
1037
1039
1040
1041
1042
1043
1046
1047
105
1051
1053
1054
1056
1057
1058
1063
1064
1077
1078
1079
1080
1081
1082
1083
1084
1085
1086
1088
1089
1090
1091
1092
1093
1094
1095
1096
1097
1098
1099
11
1100
1102
1103
1105
1106
1108
1109
1111
1112
1113
1114
1115
1116
1117
1118
1119
1122
1123
1125
1129
1130
1133
1135
1136
1137
1138
1139
1140
1141
1142
1143
1144
1145
1146
1147
1148
1152
1153
1155
1156
1157
1159
1160
1161
1162
1163
1164
1165
1166
1167
1168
1169
1170
1171
1176
1177
1178
1179
118
1180
1181
1182
1183
1184
1185
1186
1187
1188
1189
1190
1191
1192
1193
1194
1195
1196
1197
1198
1199
12
1200
1201
1202
1203
1204
1206
1207
1208
1209
1210
1211
1212
1214
1216
1217
1218
1219
122
1222
1223
1224
1225
1226
1227
1228
1229
123
1230
1231
1232
1233
1235
1236
1237
1238
1239
1241
1242
1243
1244
1246
1247
1248
1249
125
1250
1251
1252
1255
1256
1258
1259
126
1260
1262
1263
1264
1266
1267
1268
127
1270
1271
1272
1273
1274
1277
128
1280
1282
1283
1287
1289
129
13
130
133
1330
134
135
1381
139
140
142
144
146
1466
1468
15
1546
1547
1548
155
156
157
158
16
160
161
1627
1628
1629
163
1630
1631
1632
1633
164
165
167
169
1694
1695
1696
1697
1698
1699
17
170
171
1710
172
173
175
176
177
178
180
1809
181
1810
182
185
187
189
190
192
193
1938
1946
196
197
198
200
201
202
203
204
205
2056
2057
2058
2059
206
2060
207
208
2081
209
21
210
219
22
220
2208
2209
221
2211
2212
2213
2214
2217
2218
2219
2220
2221
2223
2224
2225
2226
2227
2228
2229
223
2230
2231
2232
2233
2234
2235
2236
2237
224
2240
2241
2242
2243
2244
2245
2246
2247
2248
225
2251
2253
2254
2255
2256
2257
2259
2260
2261
2263
2264
2265
2266
2268
2269
2270
2274
2275
2276
2277
2278
2279
2280
2281
2282
2283
2284
2285
2287
2290
2291
2292
2293
2294
2295
2296
2298
2299
23
2300
2301
2303
2304
2305
2306
2307
2308
2309
2310
2313
2314
2315
2317
2318
2320
2322
2323
2324
2325
2326
2327
2328
2329
2330
2331
2333
2334
2335
2336
2337
2338
2339
2340
2341
2343
2344
2346
2347
2348
2349
2350
2351
2352
2353
2354
2355
2356
2357
236
2360
2361
2363
2364
2365
2366
2367
2368
2369
2370
2371
2372
2373
2375
2377
2378
2379
2380
2381
2382
2383
2384
2385
2386
2387
2388
239
2392
2393
2394
2395
2396
2397
2399
24
240
2400
2401
2402
2403
2404
2405
2407
2408
2409
2410
2411
2412
2414
2415
2417
2420
2421
2423
2424
2425
2426
2427
2429
2432
2433
2434
2435
2436
2437
2438
2439
2440
2441
2442
2443
2445
2447
2449
2450
2451
2452
2453
2454
2455
2456
2457
2458
2459
2461
2462
2463
2472
2473
2474
2475
2476
2477
2478
2479
2481
2482
2483
2484
2485
2486
2487
2488
25
2503
2504
2505
2507
2508
2510
2511
2512
2513
2514
2515
2516
2518
2520
2521
2522
2523
2524
2525
2526
2528
2529
2530
2534
254
256
2585
2588
2589
2590
2591
2592
2593
2594
2595
2596
2597
2598
2599
26
2600
2601
2602
2603
2604
2605
2606
2607
2608
2609
2610
2611
2612
2613
2614
2615
2616
2617
2618
2619
2621
2622
2624
2625
2626
2627
2628
2629
2630
2632
2633
2634
2635
2637
2638
2639
2640
2641
2642
2643
2644
2645
2646
2647
2648
2649
2650
2651
2652
2653
2654
2655
2656
2658
2659
2660
2661
2662
2663
2664
2665
2666
2667
2669
2671
2672
2673
2674
2675
2676
2677
2678
2679
2680
2681
2682
2683
2684
2685
2686
2688
2689
269
2690
2691
2692
2693
2694
27
270
2704
2705
2706
2707
2708
2709
271
2710
2711
2712
2719
272
2720
2721
2723
2725
273
2731
2732
2733
2734
2735
2737
2738
2743
2744
2745
2746
2747
2748
2749
2750
2751
2752
2753
2754
2755
2756
2757
2758
2759
276
2760
2761
2762
2763
2764
2765
2766
2767
2768
2770
2771
2773
2774
2775
2776
2777
2778
2779
2780
2781
2782
2784
2785
2786
2787
2788
2789
2792
2794
2795
2798
28
2800
2801
2802
2803
2805
2806
2807
2808
2809
2810
2811
2812
2814
2815
2816
2817
2818
2819
2820
2821
2823
2824
2825
2828
2829
2830
2831
2832
2833
2835
2836
2837
2838
2839
2840
2841
2842
2843
2844
2846
2847
2848
2849
2850
2851
2852
2853
2854
2855
2856
2857
2858
2859
2860
2861
2863
2864
2865
2866
2867
2868
287
2870
2871
2872
2873
2875
2876
2877
2878
2880
2884
2885
2886
2888
2890
2891
2892
2893
2894
2895
2896
2898
2899
29
290
2900
2903
2904
2905
2906
2907
2908
2909
2910
2911
2912
2913
2914
2915
2916
2917
2918
2920
2921
2922
2923
2924
2925
2926
2927
2928
2929
2930
2931
2932
2933
2934
2935
2936
2937
2938
2939
2940
2941
2942
2943
2944
2945
2946
2947
2948
2949
2950
2951
2952
2953
2954
2956
2957
2958
2959
2960
2961
2962
2963
2964
2965
2966
2967
2968
2969
2970
2971
2972
2973
2974
2975
2976
2977
2979
2981
2982
2983
2984
2985
2986
2987
2988
2989
299
2990
2991
2992
2993
2994
2995
2996
2997
2998
2999
3
3000
3001
3002
3004
3005
3006
3007
3008
3009
301
3010
3011
3012
3013
3014
3016
3017
3018
3019
3020
3022
3023
3025
3026
3028
305
309
320
329
331
332
333
334
336
337
339
340
342
35
351
359
36
361
365
367
368
37
370
372
373
374
375
376
379
381
382
383
385
387
389
390
391
393
4
417
418
419
420
421
422
424
425
426
427
428
429
430
432
433
434
435
436
437
439
441
444
445
446
447
45
457
458
46
460
461
462
464
465
466
468
469
47
470
471
473
474
475
476
477
478
479
48
481
482
483
484
487
488
489
49
490
491
492
493
494
495
497
498
499
5
50
500
502
503
504
505
506
507
508
509
51
510
511
512
513
514
515
516
517
518
519
520
521
522
523
524
525
526
527
529
53
530
531
532
533
534
536
538
54
540
541
542
543
545
546
547
548
549
55
550
551
552
553
554
555
556
557
558
559
560
561
562
563
564
565
57
58
581
582
597
598
599
60
600
601
603
604
605
606
607
608
609
61
612
613
614
615
616
617
618
619
62
621
624
625
627
628
629
63
630
631
632
634
635
636
638
64
641
643
644
645
647
648
649
65
650
652
653
654
656
657
659
66
660
661
662
663
664
665
666
667
668
669
67
670
671
672
673
674
675
676
677
678
679
68
681
682
683
684
685
686
687
688
689
69
690
691
692
693
694
695
696
697
698
699
7
700
701
702
703
704
705
706
712
718
719
721
722
723
724
726
727
728
729
730
733
734
735
736
737
738
739
741
742
743
744
746
748
749
75
750
751
752
756
757
758
759
76
760
761
762
763
765
766
767
768
769
77
770
771
772
773
774
775
776
777
778
779
78
780
781
782
783
784
785
786
788
79
790
791
792
793
794
795
796
797
798
799
8
800
801
802
803
804
805
807
808
809
810
811
815
816
817
818
819
820
823
824
825
826
827
828
829
830
831
837
847
848
849
850
852
854
855
856
857
858
859
860
861
862
863
864
866
867
868
869
870
871
872
873
874
876
877
878
880
881
884
885
886
887
888
890
891
892
893
894
895
896
898
899
9
900
901
903
904
906
907
908
909
911
912
913
914
915
916
917
918
919
920
928
929
930
932
933
934
935
936
937
945
946
951
958
959
960
961
973
974
975
988
99